#--------------------------------------------------------------------------
#                         FastJet release 3.4.0
#                 M. Cacciari, G.P. Salam and G. Soyez                  
#     A software package for jet finding and analysis at colliders      
#                           http://fastjet.fr                           
#	                                                                      
# Please cite EPJC72(2012)1896 [arXiv:1111.6097] if you use this package
# for scientific work and optionally PLB641(2006)57 [hep-ph/0512210].   
#                                                                       
# FastJet is provided without warranty under the GNU GPL v2 or higher.  
# It uses T. Chan's closest pair algorithm, S. Fortune's Voronoi code
# and 3rd party plugin jet algorithms. See COPYING file for details.
#--------------------------------------------------------------------------
Ran Longitudinally invariant kt algorithm with R = 0.7 and E scheme recombination
jet #        rapidity             phi              pt          energy
    0      2.29206399      5.22837455   3810.55431907  25462.48972301
    1      0.27650583      5.20709930   3555.38334355   4884.86696871
    2      3.39749056      0.73928106   3499.19400313  70508.80475429
    3      4.34315151      5.57257495   3475.47980608 183582.99580893
    4      3.29449052      4.82792422   3424.44598102  61702.59011676
    5      1.13963247      0.50880326   3407.07881148   7876.67527396
    6      3.85481631      2.02473378   3396.30460136 108763.76490218
    7      1.72947666      3.20327548   3202.19851130  12099.34320580
    8     -1.69999870      5.01936342   3174.52927179  11753.16301191
    9     -0.21847072      4.16424217   3087.92489121   4165.58729551
   10     -0.20128715      6.02131097   3078.74692950   4090.11018971
   11      1.00296218      6.10347538   3036.83690921   6179.45017213
   12     -0.84165727      5.34102425   3033.43908525   5501.23720251
   13      0.22224666      2.45680006   2996.45602586   3991.74324719
   14     -3.20597182      2.02292432   2982.90715846  48880.11703163
   15     -4.68723013      1.62136688   2942.09553093 214709.17847067
   16     -1.48611209      0.77245778   2908.64928466   8790.72759047
   17      1.24776083      4.05569847   2892.18784551   7138.02928026
   18      2.34312543      4.11409661   2891.80870907  19792.90886195
   19     -1.36740427      4.27677178   2883.77865572   7765.94440871
   20     -0.39770348      1.21599449   2806.47063025   3927.59319853
   21      4.13570921      3.07465005   2766.55775886 114933.56232278
   22     -2.67845657      4.24580375   2748.26004909  26616.53241060
   23     -0.65369836      2.25650316   2733.52627187   4293.56262759
   24      2.76537138      1.69418498   2723.30277451  28626.51374646
   25      1.58010082      1.96427480   2669.08383535   8857.10709891
   26      1.26780006      4.99518190   2668.02703984   6733.62048096
   27      0.22899998      0.75603182   2659.11005158   3589.36318370
   28      1.08243442      2.75665043   2646.41707394   5701.25181657
   29     -3.30764003      3.66495351   2644.13641782  46937.89853568
   30      3.52525258      3.90992239   2551.82638554  56481.12647263
   31     -2.42014323      3.15522268   2541.71854463  18606.65381510
   32     -3.75553864      0.22840246   2515.52037755  70227.70691986
   33     -2.27564718      0.14426872   2488.49185333  15773.91263599
   34     -3.90141531      5.62033952   2472.80263853  81571.58018362
   35     -2.05078348      1.32788306   2462.59736086  12475.24501655
   36     -1.49565777      2.20254087   2443.91961873   7281.23577645
   37     -4.60264919      0.48311320   2436.95575937 163485.70270189
   38      2.22178681      0.56176924   2417.41527957  14520.70832952
   39      4.97774441      1.55314398   2395.13350040 231964.42413570
   40      3.45211589      5.97629110   2378.45399176  49063.16490840
   41      4.57565491      0.37758059   2372.43032542 152213.24188364
   42     -2.79259652      1.19042417   2358.30642170  25238.94072767
   43     -4.05328038      3.35586723   2308.99124054  89234.70770608
   44     -2.71931514      5.10096319   2300.72096794  22522.08156844
   45     -1.39254239      2.93983154   2282.55047989   6210.02683961
   46     -4.29308783      2.39368462   2220.43613028 107285.35374409
   47      0.48224615      1.78060328   2178.39252750   3076.78359983
   48     -4.78340156      3.41648887   2159.24159582 171894.12817049
   49      4.52362058      4.55447417   2156.57366121 130831.41523775
   50     -4.82838134      4.30211262   2141.20966027 179389.33190070
   51     -4.48462414      5.08003471   2135.10318475 122751.16758139
   52      2.38154878      2.53843184   2114.95850501  14743.46309222
   53     -3.68283825      1.17629695   2102.59224412  53839.56967876
   54      1.93383990      1.31276645   2087.47524363   9396.47894428
   55      5.62475530      6.09570118   2084.64496112 389783.35213716
   56     -2.33753723      2.34157211   2028.54793691  13510.13987141
   57      2.76628789      3.36535207   2016.79054101  20617.59830013
   58     -1.00044397      3.67236851   1989.48546575   3930.04177445
   59      6.22153180      5.05306398   1968.41816151 690770.55304611
   60      2.70046955      6.23294454   1943.08091100  18551.26184189
   61     -1.33658443      6.16604277   1919.15127121   4934.92194133
   62     -3.68196946      4.61572356   1845.12639880  46839.12379479
   63     -0.42525470      3.20197363   1812.57755246   2483.97585649
   64      0.51829483      4.31116155   1800.05934300   2621.52645765
   65     -3.02120467      5.76906592   1793.52753803  23416.27761029
   66      0.41690873      3.39048582   1768.41733378   2405.45624012
   67      5.49741703      0.79787473   1751.52292686 284665.59119773
   68      4.91387146      2.47781850   1729.12133421 153184.35939750
   69      3.17697025      2.71919750   1694.17591868  25924.35210028
   70      5.95116011      1.73189220   1681.13353288 444194.42000714
   71      6.20182821      3.65819427   1654.95279587 562762.97685701
   72      6.42692199      0.51138773   1642.47264008 700393.47893357
   73     -5.91798340      1.93760570   1641.92849915 418797.49237549
   74     -6.98488337      2.04875005   1638.89594368 1311892.73528636
   75     -5.54627289      0.97040578   1626.09089041 273040.73942043
   76      1.92390118      5.86355337   1615.21193100   7082.07860019
   77     -5.49248899      5.02272623   1614.92157356 254180.49635425
   78      5.08452352      3.57802227   1564.22500343 163732.95473336
   79     -2.12416821      5.66793811   1560.12836611   8170.67246432
   80      5.33960551      4.33161745   1540.58198929 210065.42474049
   81      5.69014279      2.98759043   1529.50843695 299529.91580394
   82      1.12131904      1.25486727   1473.37161209   3121.96696061
   83      6.98715084      4.06463046   1473.16687120 1195839.16048491
   84     -6.43693667      3.60851890   1442.11803305 618252.86812150
   85      4.10993670      1.17952375   1426.52510606  55195.41839619
   86     -0.78725130      0.40870155   1423.78138165   2349.80250450
   87     -3.02166993      0.33125380   1416.07639391  18355.94430411
   88     -3.34075897      2.80609429   1401.54529402  24748.38723177
   89     -1.92327495      3.67656358   1386.60323710   6013.62883397
   90     -5.80783454      5.74446502   1376.76643794 300510.00444403
   91     -1.15292358      1.50812155   1300.76699959   2809.54425344
   92     -4.96534979      5.81138653   1272.69910465 115826.29557109
   93     -5.55063063      3.23816476   1196.62982732 199369.77043106
   94     -6.94987593      0.26488686   1179.85915524 891383.78544560
   95      5.39588710      5.21874419   1177.51317025 167313.82796983
   96     -5.35102892      2.46053868   1168.06421559 156118.93284880
   97     -6.78268795      1.20256455   1144.09658201 710147.82333398
   98     -5.80001376      4.20334706   1141.09089750 247196.70784721
   99     -5.62361517      0.13968759   1138.32698208 205300.26775467
  100      6.38452628      2.47240598   1086.62662727 426345.82980931
  101     -7.66893028      3.69333352   1048.28674767 1794824.25483012
  102     -6.89494351      4.34421511   1041.91988547 715676.75628400
  103      4.24777699      3.89682191   1012.56212419  44584.57053455
  104     -6.28078901      2.86600821   1010.08372810 360663.78103340
  105     -7.89578662      1.31306841    945.52424067 2135592.08788204
  106     -7.01520374      5.18107751    944.45651320 726316.69808435
  107     -6.26249332      0.56619938    928.06672274 318385.26177716
  108      6.84395485      5.92766892    900.99581451 588707.63260502
  109      7.38919032      5.04461385    893.35852241 1093318.52456617
  110      7.22420277      2.29635909    872.43047637 864222.94168741
  111      7.72618802      0.07069235    845.70774201 1505894.52699804
  112      7.90901159      4.36055996    829.86636448 1860558.50903320
  113      8.06176259      0.92294958    815.64747195 2161379.76458693
  114     -8.05012362      4.57246754    798.53831808 2082814.73514748
  115     -8.09924636      2.67118756    792.29419113 2173021.42846584
  116      6.89606785      1.60806950    778.38990913 538583.63254762
  117     -6.29396161      4.95388004    710.55788854 251142.74724539
  118      7.93906676      5.58956287    704.53060229 1612235.17308426
  119     -7.26647419      2.88760419    654.01911416 679548.32331800
  120      7.14879226      0.83284263    618.54554350 541807.75089407
  121      7.71220185      3.10593556    616.03629557 1079278.99110198
  122      7.69436245      1.61301500    613.03553563 1030729.08701396
  123     -7.52521143      6.05279874    611.49216239 837711.33942080
  124     -6.64780622      5.77892183    595.76433712 306587.21584749
  125      8.26087958      2.53478576    496.49187657 1554137.71982574
  126      7.01508416      2.99849544    481.78451424 365916.11205149
  127     -7.71626945      5.33168737    442.34549044 761058.53837276
  128     -8.24409926      0.50620904    438.37114701 1329609.02827454
  129     -8.24173829      5.83823732    388.85787780 1239193.38906527
  130      8.27193563      3.72123140    260.29078137 807338.92328608
  131      9.21568559      6.11824203     57.37016112 288388.19349670
  132     -9.35568353      6.14957462     43.32786540 250529.59223175
  133      9.24090998      3.98351199     37.14402275 191485.17471313
  134     -9.35248700      1.41041142     30.53473414 175993.91249084
  135      9.27607252      5.06405919     29.98493350 160110.64420128
  136     -9.11055026      3.51206586     29.78284331 134771.43978882
  137      9.10857929      1.46054429     27.66294579 124932.13347626
  138     -9.29329926      5.12282882     25.79335217 140122.01696587
  139      9.10428196      2.21269511     24.02547584 108039.21506882
  140     -9.65046078      2.55541962     23.63631311 183523.46549988
  141      9.56066617      3.06283121     22.14057588 157146.05337524
  142      9.47330692      0.79605996     18.31848213 119141.86963844
  143     -9.78258102      4.20179817     13.86910926 122896.50451660
